clear_T,clear
287.91,297.79
288.06,271.96
283.4,244.02
287.0,282.79
278.66,247.58
279.6,238.27
290.26,304.37
278.13,246.16
293.23,298.24
277.44,236.72
282.63,251.0
286.66,279.06
283.7,246.76
288.55,284.21
279.89,231.9
283.11,255.45
286.39,279.2
284.77,274.69
279.87,231.9
280.26,228.95
279.94,244.84
284.79,260.29
283.42,267.66
287.91,310.27
289.72,298.15
284.51,237.26
282.92,258.49
292.8,295.47
296.34,341.85
279.8,257.51
296.91,345.21
294.88,320.94
286.75,278.97
281.39,251.03
296.94,344.08
281.69,242.27
284.76,257.72
285.75,266.7
293.82,334.65
289.49,299.99
289.94,290.24
290.2,296.48
294.28,317.59
284.95,265.24
291.5,320.74
295.8,325.6
283.81,255.46
285.28,270.82
287.02,290.96
286.52,244.9
287.46,269.77
288.71,295.39
286.25,259.27
286.47,268.37
285.88,281.87
280.9,236.24
283.55,227.66
281.52,253.96
283.08,255.63
289.8,308.39
286.3,277.72
287.11,259.18
291.97,316.11
291.01,292.81
281.72,254.75
290.59,295.04
281.14,257.16
289.28,283.33
290.23,314.62
291.55,301.37
282.52,251.09
287.2,289.17
286.82,271.24
287.21,265.16
289.81,276.58
290.18,282.15
284.69,272.39
298.04,348.59
285.27,241.05
290.35,296.51
281.67,255.04
282.77,242.73
290.44,296.37
281.56,234.33
288.52,296.81
280.14,232.3
280.47,245.41
288.42,301.06
285.02,249.61
298.94,363.65
282.93,262.17
290.14,294.19
284.87,266.74
286.81,281.45
288.33,293.93
283.73,249.49
292.72,303.1
288.25,288.88
288.25,297.57
283.22,258.92
291.34,312.19
288.2,297.57
288.41,280.36
286.74,281.88
286.51,259.08
284.08,250.22
289.37,283.23
288.09,302.16
286.55,277.71
286.57,270.97
292.94,330.59
285.35,254.02
284.17,259.43
287.14,244.18
281.31,248.99
282.48,255.65
287.11,291.74
287.88,272.91
287.63,284.21
278.29,234.46
291.45,312.19
287.64,277.38
296.47,333.42
291.11,299.15
283.66,249.61
286.98,279.06
286.7,266.78
296.95,335.91
286.37,270.33
294.9,343.59
284.47,249.13
282.86,239.3
287.95,280.82
291.03,280.94
280.67,241.6
289.69,298.15
282.57,253.48
284.14,260.93
292.7,306.25
290.75,284.79
286.86,278.97
290.8,305.95
286.04,234.96
288.24,279.67
292.94,315.57
295.44,326.03
298.88,364.12
277.09,234.33
285.44,260.4
285.73,260.96
290.4,293.92
295.89,324.59
294.76,339.16
290.0,304.18
293.67,312.63
285.74,335.47
283.4,252.88
290.47,300.14
280.5,250.74
297.88,360.42
293.56,317.59
284.53,264.44
286.43,266.84
290.39,290.13
279.88,233.54
278.59,235.78
285.51,257.08
289.74,298.15
284.92,269.58
286.09,255.94
295.82,320.98
292.31,304.62
296.94,355.63
292.01,316.66
290.76,298.12
286.79,281.88
289.21,299.66
283.94,250.93
283.9,251.27
290.28,304.28
290.86,301.65
284.65,267.27
289.44,306.53
296.64,326.92
289.58,294.94
283.62,229.87
286.3,270.33
285.51,277.7
290.18,306.34
287.13,289.24
286.77,270.67
281.36,254.11
297.18,335.11
285.79,282.05
284.12,267.84
285.09,273.62
277.46,238.67
278.56,239.37
296.75,342.0
285.26,272.93
287.47,283.8
286.23,279.42
294.46,315.68
289.38,287.13
278.89,228.95
283.42,248.21
279.73,233.36
290.45,304.81
284.97,275.87
287.27,280.75
282.88,250.62
281.03,254.32
280.75,236.65
294.9,317.64
288.79,282.75
290.6,308.41
288.98,268.52
293.25,322.63
292.42,293.84
288.4,291.54
283.83,267.13
285.13,260.66
285.92,281.87
290.96,309.87
297.76,353.68
293.58,326.71
280.04,250.8
286.36,285.23
285.59,256.22
291.89,305.46
286.64,289.43
295.58,348.14
285.56,274.2
295.26,337.15
286.54,264.32
286.5,284.91
285.87,276.37
280.38,250.86
288.22,297.57
290.72,308.89
296.7,333.52
287.79,262.56
297.28,339.27
294.69,337.02
280.02,232.46
287.54,265.24
292.04,318.05
280.65,244.46
285.27,264.69
285.09,279.81
286.51,283.35
283.27,245.24
286.75,289.31
286.07,275.87
288.82,297.15
284.86,243.67
291.02,297.55
282.26,246.1
284.82,257.32
279.82,232.03
284.21,271.14
290.46,297.17
288.84,295.08
296.07,328.6
280.49,249.19
283.31,261.37
290.84,304.93
279.62,248.64
293.44,313.47
287.74,262.17
290.42,307.16
288.92,286.71
294.71,333.64
295.87,339.14
279.99,243.23
282.8,264.18
288.51,292.48
285.12,336.15
282.02,254.27
293.49,308.22
288.13,281.05
286.7,287.75
298.94,353.34
287.04,351.78
289.5,300.69
294.39,314.44
289.16,286.95
284.94,275.61
277.09,236.03
290.96,296.11
297.94,358.43
285.61,282.05
291.35,310.41
288.46,292.65
286.17,277.72
282.31,250.82
288.68,284.18
284.38,256.91
286.24,274.86
292.56,322.77
282.7,246.04
287.79,295.45
288.24,275.48
291.87,308.77
294.09,306.81
284.58,267.1
295.0,325.66
292.12,323.87
286.66,270.8
282.85,256.33
296.13,324.56
295.93,347.47
287.73,294.81
286.14,285.64
282.61,259.51
294.26,333.42
295.65,341.7
284.06,322.85
289.92,296.84
288.5,283.27
281.56,256.39
283.22,245.0
283.19,250.77
299.19,350.41
288.95,294.1
287.98,290.78
295.16,325.6
280.78,248.94
289.95,301.7
292.87,327.58
285.82,282.05
289.41,293.86
294.79,327.97
294.41,317.53
278.65,235.87
282.66,258.76
291.72,308.77
299.2,361.26
296.59,327.87
279.83,250.53
284.98,235.43
295.52,325.6
287.32,272.49
284.87,250.6
289.93,306.35
282.76,235.4
292.21,304.62
277.61,222.84
277.53,226.5
288.68,300.68
289.56,292.0
279.07,237.35
285.91,276.19
287.03,281.45
288.53,284.08
288.9,297.83
290.23,304.37
289.86,275.45
287.97,275.86
287.69,287.26
287.72,263.19
293.93,317.7
280.99,314.75
285.01,265.2
287.92,297.92
284.25,247.74
277.07,234.33
287.67,280.04
284.25,243.84
287.54,258.34
288.75,298.85
287.68,284.3
286.17,274.77
283.44,261.98
284.85,267.67
283.28,234.08
283.85,222.62
295.9,328.39
286.0,274.38
281.31,254.11
290.94,300.57
285.75,274.63
284.21,259.43
280.22,240.56
282.44,233.75
291.83,300.32
286.07,273.03
281.79,217.04
278.93,244.28
288.01,284.23
289.82,310.24
291.39,294.33
282.65,244.06
294.05,320.69
290.04,303.31
295.76,327.94
282.49,252.79
285.47,265.94
279.91,248.78
280.84,257.59
285.79,265.07
281.79,255.04
282.08,232.74
282.66,239.5
287.81,295.07
293.12,307.13
289.27,286.48
282.83,253.85
281.72,248.5
278.33,244.7
295.42,342.18
293.28,331.52
286.53,277.05
281.36,254.11
288.53,300.89
289.69,283.51
278.34,234.37
280.63,253.31
290.87,303.44
291.94,316.11
284.71,256.19
286.84,350.02
282.77,247.26
291.04,300.0
280.21,250.93
290.02,298.45
283.48,257.42
291.09,300.0
284.49,253.87
280.74,233.34
289.54,302.64
285.32,275.84
286.73,281.92
285.74,265.08
289.16,290.24
281.95,236.29
280.29,233.75
283.85,258.92
284.66,272.68
295.03,329.23
284.57,256.01
288.58,262.71
288.62,292.36
296.62,350.45
285.76,260.13
292.33,311.16
289.56,308.54
293.35,315.11
283.18,251.19
298.05,350.97
288.83,295.08
284.18,237.86
280.58,251.97
288.12,288.79
294.23,324.54
282.28,259.78
291.75,313.63
284.18,243.33
287.18,269.63
277.86,237.25
287.02,285.0
283.49,260.36
280.23,251.12
287.77,299.43
286.55,288.7
284.93,262.03
282.19,243.04
283.2,258.67
287.76,273.92
295.04,341.7
287.5,281.41
281.46,241.58
281.56,241.07
298.28,343.22
287.38,297.97
293.49,310.92
283.53,220.85
284.32,256.72
286.61,282.01
288.33,291.54
286.03,263.27
285.24,268.06
285.99,279.76
299.98,352.87
296.98,349.09
295.98,327.68
284.49,264.44
288.99,276.71
288.53,280.79
287.11,288.69
285.73,242.05
278.95,224.76
283.74,251.14
285.44,260.27
287.17,289.24
286.86,287.0
280.75,251.84
282.27,244.47
295.13,322.51
287.91,282.44
291.11,294.97
293.19,312.09
282.77,244.26
285.82,257.17
286.89,281.49
287.92,282.6
288.1,281.25
287.8,279.87
283.22,260.83
283.68,260.7
292.25,327.49
280.3,245.41
290.52,297.86
290.95,293.76
282.44,244.8
284.57,269.63
284.49,242.44
290.82,307.73
287.01,268.28
280.17,232.17
281.27,256.54
283.27,248.08
286.78,278.79
288.21,277.39
285.07,276.91
282.84,264.18
288.11,288.61
287.71,284.44
295.81,340.38
287.06,280.83
287.59,278.09
291.48,310.41
298.85,356.72
285.82,284.61
281.92,257.05
280.62,237.06
280.81,219.91
296.59,347.06
285.16,273.89
283.2,260.28
284.0,236.92
292.4,324.05
285.52,277.0
285.07,258.28
288.32,362.5
283.33,257.42
282.58,244.16
288.62,284.53
285.91,241.86
292.36,320.45
297.95,357.89
280.8,251.73
286.16,266.47
299.52,363.65
282.64,241.78
286.48,274.66
288.84,295.08
292.94,307.39
287.34,272.49
283.0,324.89
288.74,294.3
282.33,259.58
280.54,230.75
291.07,312.73
283.15,266.09
290.15,298.86
290.67,301.08
286.33,276.56
286.35,274.77
287.87,273.33
294.29,314.44
280.87,242.89
291.6,304.79
294.59,322.15
291.61,302.23
293.4,332.81
283.51,261.98
289.7,302.7
294.99,321.74
291.53,289.25
287.15,280.75
287.14,280.66
284.19,261.12
286.65,274.53
281.38,251.03
286.23,274.86
281.24,246.17
286.06,255.94
297.55,342.5
294.76,336.61
290.65,295.0
290.18,295.01
282.21,237.73
286.05,271.53
280.55,245.94
287.49,273.58
285.46,279.16
282.5,259.78
295.8,342.18
291.22,318.6
283.17,205.18
297.38,353.58
286.19,285.85
285.02,242.13
280.03,248.52
291.76,298.13
290.61,298.8
287.98,295.96
282.74,259.4
286.07,274.47
285.45,270.47
295.52,325.46
294.16,331.9
283.64,265.82
293.79,322.24
290.84,301.66
290.55,309.11
287.9,281.93
293.2,321.64
294.15,320.82
289.11,298.63
288.7,281.41
287.65,272.81
282.15,258.7
290.74,306.04
283.3,260.9
290.13,295.01
285.51,272.67
288.73,294.3
290.01,304.64
282.83,253.85
288.59,292.39
286.95,279.06
286.19,274.86
285.0,273.62
286.29,268.12
285.82,221.26
285.45,276.89
296.83,333.71
288.69,280.89
285.3,259.64
286.77,228.51
286.86,242.5
280.17,245.47
289.28,286.42
298.61,348.76
285.18,268.12
282.27,257.91
280.48,244.83
294.68,329.08
288.2,279.67
279.73,253.09
292.38,307.72
281.31,254.86
286.67,279.06
278.08,223.35
282.2,249.84
283.48,321.08
281.93,249.2
283.29,267.33
297.3,342.37
296.99,355.63
285.13,214.65
282.89,245.68
285.24,252.47
295.59,344.61
279.53,246.69
288.18,280.62
284.3,257.06
280.72,230.05
294.43,315.68
286.34,269.91
288.61,300.38
284.08,253.8
288.92,297.74
296.51,324.56
294.04,319.84
285.81,286.42
288.45,303.64
278.25,229.92
295.42,315.58
286.07,268.21
285.68,274.2
285.17,257.28
285.32,270.85
287.6,286.0
291.73,302.97
283.63,267.57
286.94,281.45
283.47,257.33
281.75,259.61
284.06,247.64
298.26,357.89
293.93,314.41
289.06,271.43
286.41,284.91
285.96,279.47
293.4,316.49
285.03,265.2
286.31,274.86
290.54,307.08
291.95,318.27
287.61,279.77
278.2,229.92
293.44,312.03
288.13,277.39
284.02,259.19
284.45,274.96
289.13,309.62
283.51,257.42
288.51,287.37
296.16,348.09
289.76,291.22
296.66,347.59
290.52,307.08
280.12,250.8
280.35,245.53
282.31,258.03
289.71,281.98
285.54,283.52
286.52,279.58
293.88,311.32
283.22,248.1
287.6,276.04
286.44,224.11
283.98,269.56
279.38,240.9
285.28,267.9
284.49,249.13
293.75,324.32
293.82,314.41
286.28,286.57
280.25,263.22
291.17,300.1
284.45,259.76
296.12,329.03
283.11,247.9
281.9,235.12
285.34,260.08
288.48,303.27
279.59,260.99
277.76,223.48
292.01,321.95
285.4,261.92
284.77,277.25
293.8,318.13
286.08,278.99
282.69,250.99
289.1,306.86
280.73,250.09
281.85,230.64
286.85,287.3
298.3,355.51
294.73,304.85
284.2,259.43
288.24,296.34
287.47,281.41
286.35,224.31
291.02,297.27
282.03,238.98
285.46,247.4
285.02,235.43
288.97,283.64
287.54,281.41
281.12,254.11
293.52,335.31
289.37,286.87
289.0,291.36
280.39,232.67
284.35,264.98
287.05,273.91
288.63,294.83
288.09,283.01
297.14,352.31
288.59,280.89
288.03,279.16
294.99,319.83
288.55,295.29
286.63,281.88
278.73,231.33
281.21,239.44
293.73,312.77
292.24,314.57
292.35,324.05
289.97,289.5
282.71,253.38
278.31,227.71
295.63,326.04
296.51,345.18
291.36,314.83
290.52,307.08
289.21,305.43
288.79,279.66
283.73,236.31
290.48,308.57
291.54,315.87
285.09,235.43
288.87,287.25
287.87,276.43
277.47,225.12
295.58,325.6
287.7,286.13
284.61,274.96
288.46,288.11
286.29,279.78
292.65,295.47
284.05,231.73
292.07,313.63
287.57,288.86
286.96,272.33
287.6,307.02
288.26,291.7
296.78,350.12
293.4,312.83
289.88,287.15
287.96,289.24
288.93,305.28
285.79,260.71
293.66,313.2
287.53,244.84
281.62,246.02
288.68,262.68
288.22,288.88
297.43,353.58
281.95,225.24
283.35,227.66
282.91,262.63
294.24,317.98
279.59,240.7
289.84,304.69
281.05,244.08
289.32,297.88
284.0,248.15
281.56,247.71
294.57,333.99
283.23,226.73
299.31,349.77
284.8,265.15
287.05,280.83
284.7,253.93
293.23,314.86
297.52,342.37
285.19,271.0
285.34,270.35
289.14,285.23
289.34,297.97
281.26,254.11
294.8,316.11
294.68,328.99
287.51,275.78
290.42,295.56
286.55,288.08
289.96,301.52
290.12,287.81
288.13,293.43
287.18,272.36
285.32,253.26
278.7,306.82
296.66,349.54
284.64,266.84
285.53,262.6
289.07,289.07
288.53,294.86
282.17,244.83
286.15,238.83
287.47,292.4
280.54,251.84
284.33,273.67
291.43,301.29
283.54,252.88
291.61,323.96
288.0,250.98
298.91,352.56
286.24,278.09
283.03,261.88
295.29,337.15
287.98,265.28
287.6,266.77
284.8,242.17
288.17,280.49
280.21,232.17
279.51,230.45
284.8,270.15
290.6,298.33
288.87,287.16
289.01,289.07
289.31,302.31
281.09,246.08
287.76,284.83
281.66,248.84
286.05,271.53
283.12,247.46
293.28,322.63
286.79,280.76
288.42,277.06
284.31,264.98
280.78,253.19
279.99,250.53
286.15,267.14
289.83,280.03
289.52,282.71
288.73,266.84
296.65,331.66
293.28,321.51
282.8,262.17
280.86,236.06
291.0,308.31
283.9,267.13
286.81,271.24
293.59,302.05
279.0,238.69
293.43,313.2
288.18,277.78
285.74,271.72
294.69,317.59
291.65,323.96
286.2,277.68
286.72,283.62
281.62,256.39
287.74,276.61
283.28,258.04
280.03,231.9
292.18,321.11
282.47,251.09
288.3,281.05
290.19,295.48
288.19,279.67
291.65,324.71
295.75,325.6
293.82,328.81
286.88,280.56
284.56,264.71
281.47,234.63
283.02,247.19
290.37,298.47
286.66,289.43
282.21,243.04
298.77,365.82
287.24,285.31
285.7,249.54
282.89,232.36
298.05,343.82
287.72,295.43
288.62,300.94
287.43,273.06
284.99,242.93
285.07,273.89
284.82,254.12
288.39,303.25
